
state={
	id=407
	name="STATE_407"

	history={
		owner = ATY
		buildings = {
			infrastructure = 3

		}
		add_core_of = ATY
		victory_points = {
			11537 1 
		}

	}

	provinces={
		410 432 468 470 499 508 545 566 576 1220 1254 1290 1314 1318 1371 1429 3404 3406 3467 3490 3502 3503 3515 3517 3538 3551 3563 4227 4254 4294 4303 4322 4351 4374 4376 4394 6430 6479 6491 6525 6541 6551 6564 6574 6588 6601 7313 7341 7370 7410 7438 9447 9462 9487 9513 9526 9528 9530 9538 9549 9577 10131 10253 10264 11395 11457 11460 11472 11473 11480 11482 11510 11524 11537 11538 11552 12108 12179 12227 12294 
	}
	manpower=268572
	buildings_max_level_factor=1.000
	state_category=rural
}
